0	0
0.01	0.002017425
0.02	0.004019776
0.03	0.006007166
0.04	0.007979706
0.05	0.009937507
0.06	0.01188068
0.07	0.013809333
0.08	0.015723576
0.09	0.017623515
0.1	0.019509259
0.11	0.021380912
0.12	0.02323858
0.13	0.025082368
0.14	0.026912379
0.15	0.028728716
0.16	0.030531482
0.17	0.032320778
0.18	0.034096704
0.19	0.03585936
0.2	0.037608846
0.21	0.03934526
0.22	0.0410687
0.23	0.042779262
0.24	0.044477043
0.25	0.046162138
0.26	0.047834642
0.27	0.04949465
0.28	0.051142254
0.29	0.052777547
0.3	0.054400621
0.31	0.056011568
0.32	0.057610478
0.33	0.05919744
0.34	0.060772546
0.35	0.062335882
0.36	0.063887537
0.37	0.065427598
0.38	0.066956151
0.39	0.068473284
0.4	0.06997908
0.41	0.071473626
0.42	0.072957004
0.43	0.074429298
0.44	0.075890592
0.45	0.077340967
0.46	0.078780505
0.47	0.080209286
0.48	0.081627392
0.49	0.083034902
0.5	0.084431895
0.51	0.085818449
0.52	0.087194644
0.53	0.088560555
0.54	0.089916261
0.55	0.091261837
0.56	0.092597359
0.57	0.093922901
0.58	0.09523854
0.59	0.096544348
0.6	0.097840399
0.61	0.099126766
0.62	0.100403522
0.63	0.101670737
0.64	0.102928484
0.65	0.104176833
0.66	0.105415855
0.67	0.106645619
0.68	0.107866194
0.69	0.109077649
0.7	0.110280052
0.71	0.11147347
0.72	0.112657972
0.73	0.113833623
0.74	0.11500049
0.75	0.116158637
0.76	0.117308132
0.77	0.118449037
0.78	0.119581417
0.79	0.120705337
0.8	0.121820858
0.81	0.122928045
0.82	0.124026958
0.83	0.125117661
0.84	0.126200214
0.85	0.127274678
0.86	0.128341114
0.87	0.129399581
0.88	0.13045014
0.89	0.131492849
0.9	0.132527766
0.91	0.133554951
0.92	0.134574461
0.93	0.135586354
0.94	0.136590685
0.95	0.137587512
0.96	0.138576891
0.97	0.139558877
0.98	0.140533526
0.99	0.141500893
1	0.142461031
1.01	0.143413995
1.02	0.144359839
1.03	0.145298615
1.04	0.146230377
1.05	0.147155177
1.06	0.148073067
1.07	0.148984098
1.08	0.149888322
1.09	0.15078579
1.1	0.151676552
1.11	0.152560658
1.12	0.153438159
1.13	0.154309102
1.14	0.155173538
1.15	0.156031515
1.16	0.156883082
1.17	0.157728285
1.18	0.158567173
1.19	0.159399793
1.2	0.160226192
1.21	0.161046416
1.22	0.161860511
1.23	0.162668523
1.24	0.163470498
1.25	0.164266481
1.26	0.165056516
1.27	0.165840648
1.28	0.166618921
1.29	0.167391379
1.3	0.168158065
1.31	0.168919022
1.32	0.169674293
1.33	0.170423922
1.34	0.171167949
1.35	0.171906416
1.36	0.172639366
1.37	0.17336684
1.38	0.174088877
1.39	0.17480552
1.4	0.175516808
1.41	0.176222781
1.42	0.176923479
1.43	0.177618942
1.44	0.178309208
1.45	0.178994317
1.46	0.179674306
1.47	0.180349215
1.48	0.181019081
1.49	0.181683941
1.5	0.182343834
1.51	0.182998796
1.52	0.183648864
1.53	0.184294075
1.54	0.184934465
1.55	0.18557007
1.56	0.186200926
1.57	0.186827068
1.58	0.187448532
1.59	0.188065352
1.6	0.188677563
1.61	0.179640873
1.62	0.189888296
1.63	0.190486886
1.64	0.191081004
1.65	0.168240435
1.66	0.192255955
1.67	0.192836854
1.68	0.193413413
1.69	0.193985664
1.7	0.194553639
1.71	0.19511737
1.72	0.195676889
1.73	0.196232227
1.74	0.196783416
1.75	0.197330486
1.76	0.197873469
1.77	0.198412394
1.78	0.198947293
1.79	0.220473787
1.8	0.20000513
1.81	0.200528128
1.82	0.201047218
1.83	0.201562429
1.84	0.202073791
1.85	0.202581332
1.86	0.20308508
1.87	0.203585065
1.88	0.204081314
1.89	0.204573854
1.9	0.205062715
1.91	0.205547923
1.92	0.206029505
1.93	0.206507489
1.94	0.206981902
1.95	0.20745277
1.96	0.207920119
1.97	0.208383977
1.98	0.208844368
1.99	0.20930132
2	0.209754857
2.01	0.210205005
2.02	0.21065179
2.03	0.211095237
2.04	0.21153537
2.05	0.211972214
2.06	0.212405795
2.07	0.212836136
2.08	0.213263261
2.09	0.213687195
2.1	0.214107961
2.11	0.214525583
2.12	0.214940085
2.13	0.21535149
2.14	0.21575982
2.15	0.2161651
2.16	0.216567351
2.17	0.216966597
2.18	0.21736286
2.19	0.217756162
2.2	0.218146525
2.21	0.218533971
2.22	0.218918522
2.23	0.2193002
2.24	0.219679027
2.25	0.220055022
2.26	0.220428208
2.27	0.220798606
2.28	0.221166236
2.29	0.221531119
2.3	0.221893276
2.31	0.222252727
2.32	0.222609492
2.33	0.222963591
2.34	0.223315045
2.35	0.223663872
2.36	0.224010093
2.37	0.224353727
2.38	0.224694794
2.39	0.225033312
2.4	0.2253693
2.41	0.225702778
2.42	0.226033765
2.43	0.226362278
2.44	0.226688337
2.45	0.227011959
2.46	0.227333163
2.47	0.227651968
2.48	0.22796839
2.49	0.228282448
2.5	0.228594159
2.51	0.228903541
2.52	0.229210612
2.53	0.229515388
2.54	0.234642235
2.55	0.230118125
2.56	0.23041612
2.57	0.230711889
2.58	0.231005447
2.59	0.231296813
2.6	0.231586001
2.61	0.231873028
2.62	0.232157911
2.63	0.232440665
2.64	0.232721306
2.65	0.23299985
2.66	0.233276313
2.67	0.233550711
2.68	0.233823058
2.69	0.23409337
2.7	0.234361662
2.71	0.23462795
2.72	0.234892248
2.73	0.235154571
2.74	0.235414934
2.75	0.235673352
2.76	0.235929839
2.77	0.236184409
2.78	0.236437078
2.79	0.236687858
2.8	0.236936764
2.81	0.237183811
2.82	0.237429012
2.83	0.237672381
2.84	0.257555732
2.85	0.238153676
2.86	0.23839163
2.87	0.238627806
2.88	0.238862217
2.89	0.239094877
2.9	0.239325799
2.91	0.239554995
2.92	0.239782478
2.93	0.240008262
2.94	0.240232358
2.95	0.24045478
2.96	0.240675541
2.97	0.240894651
2.98	0.241112125
2.99	0.241327974
3	0.241542209
3.01	0.241754844
3.02	0.241965891
3.03	0.24217536
3.04	0.242383264
3.05	0.242589615
3.06	0.242794424
3.07	0.242997702
3.08	0.243199462
3.09	0.243399714
3.1	0.24359847
3.11	0.243795741
3.12	0.243991538
3.13	0.244185872
3.14	0.244378753
3.15	0.244570194
3.16	0.244760204
3.17	0.244948794
3.18	0.245135976
3.19	0.245321758
3.2	0.245506153
3.21	0.245689169
3.22	0.245870819
3.23	0.24605111
3.24	0.246230055
3.25	0.246407663
3.26	0.246583944
3.27	0.246758907
3.28	0.246932563
3.29	0.247104922
3.3	0.247275993
3.31	0.247445785
3.32	0.247614309
3.33	0.247781574
3.34	0.247947589
3.35	0.248112363
3.36	0.248275906
3.37	0.248438227
3.38	0.248599336
3.39	0.24875924
3.4	0.24891795
3.41	0.249075474
3.42	0.249231821
3.43	0.249387
3.44	0.249541019
3.45	0.249693887
3.46	0.249845614
3.47	0.249996206
3.48	0.250145673
3.49	0.250294024
3.5	0.250441266
3.51	0.250587407
3.52	0.250732457
3.53	0.250876423
3.54	0.251019314
3.55	0.251161136
3.56	0.251301899
3.57	0.25144161
3.58	0.251580278
3.59	0.251717909
3.6	0.251854512
3.61	0.251990094
3.62	0.252124663
3.63	0.252258226
3.64	0.252390792
3.65	0.252522367
3.66	0.252652959
3.67	0.252782575
3.68	0.252911223
3.69	0.253038909
3.7	0.253165641
3.71	0.253291427
3.72	0.253416272
3.73	0.253540185
3.74	0.253663172
3.75	0.25378524
3.76	0.253906396
3.77	0.254026646
3.78	0.254145998
3.79	0.254264458
3.8	0.254382033
3.81	0.25449873
3.82	0.254614555
3.83	0.254729514
3.84	0.254843614
3.85	0.254956862
3.86	0.255069263
3.87	0.255180825
3.88	0.255291553
3.89	0.255401454
3.9	0.255510533
3.91	0.255618798
3.92	0.255726253
3.93	0.255832906
3.94	0.255938762
3.95	0.256043826
3.96	0.256148106
3.97	0.256251607
3.98	0.256354334
3.99	0.256456294
4	0.256557492
4.01	0.256657933
4.02	0.256757624
4.03	0.256856571
4.04	0.256954778
4.05	0.257052251
4.06	0.257148996
4.07	0.257245018
4.08	0.257340322
4.09	0.257434915
4.1	0.2575288
4.11	0.234868077
4.12	0.257714472
4.13	0.257806269
4.14	0.25789738
4.15	0.25798781
4.16	0.258077565
4.17	0.258166648
4.18	0.258255067
4.19	0.258342824
4.2	0.258429926
4.21	0.258516377
4.22	0.258602182
4.23	0.258687346
4.24	0.258771873
4.25	0.258855769
4.26	0.258939038
4.27	0.259021685
4.28	0.259103714
4.29	0.259185131
4.3	0.259265939
4.31	0.259346143
4.32	0.259425748
4.33	0.259504759
4.34	0.259583178
4.35	0.259661012
4.36	0.259738265
4.37	0.25981494
4.38	0.259891042
4.39	0.259966576
4.4	0.260041545
4.41	0.260115954
4.42	0.260189807
4.43	0.260263108
4.44	0.260335862
4.45	0.252899018
4.46	0.260479742
4.47	0.260550877
4.48	0.26062148
4.49	0.260691556
4.5	0.260761108
4.51	0.260830141
4.52	0.260898657
4.53	0.260966662
4.54	0.261034159
4.55	0.261101151
4.56	0.261167643
4.57	0.261233638
4.58	0.261299139
4.59	0.261364152
4.6	0.261428678
4.61	0.261492723
4.62	0.261556289
4.63	0.26161938
4.64	0.261681999
4.65	0.261744151
4.66	0.261805838
4.67	0.261867064
4.68	0.261927833
4.69	0.261988148
4.7	0.262048012
4.71	0.262107429
4.72	0.262166402
4.73	0.262224934
4.74	0.262283029
4.75	0.26234069
4.76	0.26239792
4.77	0.262454722
4.78	0.2625111
4.79	0.262567056
4.8	0.262622595
4.81	0.262677719
4.82	0.26273243
4.83	0.262786733
4.84	0.26284063
4.85	0.262894125
4.86	0.262947219
4.87	0.262999917
4.88	0.263052222
4.89	0.263104135
4.9	0.263155661
4.91	0.263206801
4.92	0.263257559
4.93	0.263307939
4.94	0.263357941
4.95	0.26340757
4.96	0.263456829
4.97	0.263505719
4.98	0.263554244
4.99	0.263602406
5	0.263650209
5.01	0.263697654
5.02	0.263744745
5.03	0.263791484
5.04	0.263837873
5.05	0.263883916
5.06	0.263929615
5.07	0.263974973
5.08	0.264019992
5.09	0.264064674
5.1	0.264109022
5.11	0.26415304
5.12	0.264196728
5.13	0.264240089
5.14	0.264283127
5.15	0.264325843
5.16	0.26436824
5.17	0.264410321
5.18	0.264452086
5.19	0.26449354
5.2	0.264534684
5.21	0.264575521
5.22	0.264616052
5.23	0.26465628
5.24	0.264696208
5.25	0.264735838
5.26	0.264775172
5.27	0.264814211
5.28	0.264852959
5.29	0.264891418
5.3	0.264929589
5.31	0.264967474
5.32	0.265005077
5.33	0.265042399
5.34	0.265079442
5.35	0.265116208
5.36	0.2651527
5.37	0.265188918
5.38	0.265224866
5.39	0.265260546
5.4	0.265295959
5.41	0.265331107
5.42	0.265365993
5.43	0.265400618
5.44	0.265434984
5.45	0.265469094
5.46	0.265502949
5.47	0.26553655
5.48	0.265569901
5.49	0.265603002
5.5	0.265635857
5.51	0.265668465
5.52	0.26570083
5.53	0.265732953
5.54	0.265764836
5.55	0.265796481
5.56	0.26582789
5.57	0.265859064
5.58	0.265890004
5.59	0.265920714
5.6	0.265951194
5.61	0.265981447
5.62	0.266011473
5.63	0.266041275
5.64	0.266070855
5.65	0.288527943
5.66	0.266129352
5.67	0.266158273
5.68	0.266186978
5.69	0.266215469
5.7	0.266243747
5.71	0.266271813
5.72	0.26629967
5.73	0.266327319
5.74	0.266354761
5.75	0.266381998
5.76	0.262111163
5.77	0.266435863
5.78	0.266462494
5.79	0.266488926
5.8	0.266515161
5.81	0.266541199
5.82	0.266567043
5.83	0.266592694
5.84	0.266618153
5.85	0.266643422
5.86	0.266668502
5.87	0.266693395
5.88	0.266718102
5.89	0.266742624
5.9	0.266766963
5.91	0.26679112
5.92	0.266815097
5.93	0.266838894
5.94	0.266862514
5.95	0.266885957
5.96	0.266909225
5.97	0.266932319
5.98	0.26695524
5.99	0.266977991
6	0.267000571
6.01	0.267022983
6.02	0.267045227
6.03	0.267067305
6.04	0.267089218
6.05	0.267110967
6.06	0.267132553
6.07	0.267153979
6.08	0.267175244
6.09	0.267196351
6.1	0.267217299
6.11	0.267238091
6.12	0.267258728
6.13	0.267279211
6.14	0.267299541
6.15	0.267319718
6.16	0.267339745
6.17	0.267359622
6.18	0.267379351
6.19	0.267398932
6.2	0.267418368
6.21	0.267437657
6.22	0.267456803
6.23	0.267475806
6.24	0.267494666
6.25	0.267513386
6.26	0.267531966
6.27	0.267550407
6.28	0.26756871
6.29	0.267586877
6.3	0.267604907
6.31	0.267622803
6.32	0.296884737
6.33	0.267658195
6.34	0.267675693
6.35	0.26769306
6.36	0.267710297
6.37	0.267727406
6.38	0.267744387
6.39	0.26776124
6.4	0.267777968
6.41	0.267794571
6.42	0.26781105
6.43	0.264106105
6.44	0.267843639
6.45	0.267859752
6.46	0.267875743
6.47	0.267891616
6.48	0.267907369
6.49	0.267923005
6.5	0.267938525
6.51	0.267953928
6.52	0.267969216
6.53	0.26798439
6.54	0.26799945
6.55	0.268014398
6.56	0.268029235
6.57	0.26804396
6.58	0.268058576
6.59	0.268073082
6.6	0.26808748
6.61	0.26810177
6.62	0.268115953
6.63	0.268130031
6.64	0.268144003
6.65	0.268157871
6.66	0.268171635
6.67	0.268185297
6.68	0.268198856
6.69	0.268212314
6.7	0.268225672
6.71	0.268238929
6.72	0.268252088
6.73	0.268265148
6.74	0.268278111
6.75	0.268290977
6.76	0.268303747
6.77	0.268316421
6.78	0.268329001
6.79	0.268341486
6.8	0.268353878
6.81	0.268366178
6.82	0.268378386
6.83	0.268390503
6.84	0.268402529
6.85	0.268414465
6.86	0.268426312
6.87	0.26843807
6.88	0.268449741
6.89	0.268461325
6.9	0.268472821
6.91	0.268484232
6.92	0.268495558
6.93	0.268506799
6.94	0.268517956
6.95	0.23948082
6.96	0.268540021
6.97	0.26855093
6.98	0.268561757
6.99	0.268572504
7	0.26858317
7.01	0.268593757
7.02	0.268604264
7.03	0.268614693
7.04	0.268625044
7.05	0.268635317
7.06	0.268645514
7.07	0.268655635
7.08	0.26866568
7.09	0.26867565
7.1	0.268685545
7.11	0.268695367
7.12	0.268705115
7.13	0.26871479
7.14	0.268724393
7.15	0.268733925
7.16	0.268743385
7.17	0.268752774
7.18	0.268762093
7.19	0.268771343
7.2	0.268780523
7.21	0.268789635
7.22	0.268798679
7.23	0.268807655
7.24	0.268816564
7.25	0.268825407
7.26	0.268834183
7.27	0.268842894
7.28	0.26885154
7.29	0.268860121
7.3	0.268868638
7.31	0.268877092
7.32	0.268885482
7.33	0.26889381
7.34	0.268902075
7.35	0.268910279
7.36	0.268918421
7.37	0.268926503
7.38	0.268934524
7.39	0.245360481
7.4	0.268950387
7.41	0.268958229
7.42	0.268966013
7.43	0.268973739
7.44	0.268981407
7.45	0.268989018
7.46	0.268996572
7.47	0.26900407
7.48	0.269011511
7.49	0.269018897
7.5	0.269026228
7.51	0.269033504
7.52	0.269040726
7.53	0.269047893
7.54	0.269055007
7.55	0.269062068
7.56	0.269069076
7.57	0.269076032
7.58	0.269082936
7.59	0.269089788
7.6	0.269096589
7.61	0.26910334
7.62	0.269110039
7.63	0.269116689
7.64	0.269123289
7.65	0.26912984
7.66	0.269136342
7.67	0.269142795
7.68	0.2691492
7.69	0.269155557
7.7	0.269161867
7.71	0.269168129
7.72	0.269174345
7.73	0.269180514
7.74	0.269186637
7.75	0.269192715
7.76	0.269198747
7.77	0.269204734
7.78	0.269210676
7.79	0.269216574
7.8	0.269222427
7.81	0.269228237
7.82	0.269234004
7.83	0.269239727
7.84	0.269245408
7.85	0.269251046
7.86	0.269256642
7.87	0.269262197
7.88	0.26926771
7.89	0.269273181
7.9	0.269278612
7.91	0.269284002
7.92	0.269289352
7.93	0.269294662
7.94	0.269299932
7.95	0.269305163
7.96	0.269310355
7.97	0.269315508
7.98	0.269320622
7.99	0.269325699
8	0.269330737
8.01	0.269335738
8.02	0.269340701
8.03	0.269345627
8.04	0.269350517
8.05	0.26935537
8.06	0.269360186
8.07	0.269364967
8.08	0.269369712
8.09	0.269374421
8.1	0.269379096
8.11	0.269383735
8.12	0.26938834
8.13	0.26939291
8.14	0.269397446
8.15	0.269401948
8.16	0.269406417
8.17	0.269410852
8.18	0.269415254
8.19	0.269419623
8.2	0.26942396
8.21	0.269428264
8.22	0.269432536
8.23	0.269436776
8.24	0.269440985
8.25	0.269445161
8.26	0.269449307
8.27	0.269453422
8.28	0.269457506
8.29	0.269461559
8.3	0.269465583
8.31	0.269469576
8.32	0.269473539
8.33	0.269477473
8.34	0.269481377
8.35	0.269485252
8.36	0.269489098
8.37	0.269492916
8.38	0.269496705
8.39	0.269500465
8.4	0.269504198
8.41	0.269507902
8.42	0.269511579
8.43	0.269515229
8.44	0.269518851
8.45	0.269522446
8.46	0.269526014
8.47	0.269529556
8.48	0.269533071
8.49	0.26953656
8.5	0.269540023
8.51	0.26954346
8.52	0.269546871
8.53	0.269550257
8.54	0.269553617
8.55	0.269556952
8.56	0.269560263
8.57	0.269563549
8.58	0.26956681
8.59	0.269570046
8.6	0.269573259
8.61	0.269576448
8.62	0.269579612
8.63	0.269582754
8.64	0.269585871
8.65	0.269588966
8.66	0.269592037
8.67	0.269595085
8.68	0.269598111
8.69	0.269601113
8.7	0.269604094
8.71	0.269607052
8.72	0.269609988
8.73	0.269612902
8.74	0.269615795
8.75	0.269618665
8.76	0.269621515
8.77	0.269624343
8.78	0.26962715
8.79	0.269629936
8.8	0.269632701
8.81	0.269635445
8.82	0.269638169
8.83	0.269640873
8.84	0.269643556
8.85	0.269646219
8.86	0.269648863
8.87	0.269651486
8.88	0.269654091
8.89	0.269656675
8.9	0.26965924
8.91	0.269661787
8.92	0.269664314
8.93	0.269666822
8.94	0.269669311
8.95	0.269671782
8.96	0.269674235
8.97	0.269676669
8.98	0.269679085
8.99	0.269681483
9	0.269683863
9.01	0.269686225
9.02	0.269688569
9.03	0.269690896
9.04	0.269693206
9.05	0.269695498
9.06	0.269697773
9.07	0.269700032
9.08	0.269702273
9.09	0.269704498
9.1	0.269706706
9.11	0.269708897
9.12	0.269711072
9.13	0.269713231
9.14	0.269715374
9.15	0.2697175
9.16	0.269719611
9.17	0.269721706
9.18	0.269723786
9.19	0.26972585
9.2	0.269727898
9.21	0.269729931
9.22	0.269731949
9.23	0.269733952
9.24	0.26973594
9.25	0.269737913
9.26	0.269739871
9.27	0.269741815
9.28	0.269743744
9.29	0.269745659
9.3	0.269747559
9.31	0.269749445
9.32	0.269751317
9.33	0.269753176
9.34	0.26975502
9.35	0.289610029
9.36	0.269758667
9.37	0.26976047
9.38	0.26976226
9.39	0.269764037
9.4	0.2697658
9.41	0.26976755
9.42	0.269769286
9.43	0.26977101
9.44	0.269772721
9.45	0.26977442
9.46	0.269776105
9.47	0.269777778
9.48	0.269779438
9.49	0.269781086
9.5	0.269782722
9.51	0.269784346
9.52	0.269785957
9.53	0.269787556
9.54	0.269789144
9.55	0.269790719
9.56	0.269792283
9.57	0.269793835
9.58	0.269795375
9.59	0.269796904
9.6	0.269798422
9.61	0.269799928
9.62	0.269801423
9.63	0.269802907
9.64	0.269804379
9.65	0.269805841
9.66	0.269807292
9.67	0.269808732
9.68	0.269810161
9.69	0.269811579
9.7	0.269812987
9.71	0.269814385
9.72	0.269815771
9.73	0.269817148
9.74	0.269818514
9.75	0.26981987
9.76	0.269821216
9.77	0.269822552
9.78	0.269823878
9.79	0.269825194
9.8	0.2698265
9.81	0.269827796
9.82	0.269829083
9.83	0.26983036
9.84	0.269831628
9.85	0.269832886
9.86	0.269834135
9.87	0.277639799
9.88	0.269836604
9.89	0.269837825
9.9	0.269839037
9.91	0.269840239
9.92	0.269841433
9.93	0.269842618
9.94	0.269843794
9.95	0.269844961
9.96	0.269846119
9.97	0.269847269
9.98	0.26984841
9.99	0.269849543
10	0.269850667